-382, 838
535, 749
917, -89
381, -839
-536, -750
-918, 88
-382, 838
535, 749
917, -89
381, -839
-536, -750
-918, 88
-382, 838
535, 749
917, -89
381, -839
-536, -750
-918, 88
-382, 838
535, 749
917, -89
381, -839
-536, -750
-918, 88
-382, 838
535, 749
917, -89
381, -839
-536, -750
-918, 88
-382, 838
535, 749
917, -89
381, -839
-536, -750
-918, 88
-382, 838
535, 749
917, -89
381, -839
-536, -750
-918, 88
-382, 838
535, 749
917, -89
381, -839
-536, -750
-918, 88
-382, 838
535, 749
917, -89
381, -839
-536, -750
-918, 88
-382, 838
535, 749
917, -89
381, -839
-536, -750
-918, 88
-382, 838
535, 749
917, -89
381, -839
-536, -750
-918, 88
-382, 838
535, 749
917, -89
381, -839
-536, -750
-918, 88
-382, 838
535, 749
917, -89
381, -839
-536, -750
-918, 88
-382, 838
535, 749
917, -89
381, -839
-536, -750
-918, 88
-382, 838
535, 749
917, -89
381, -839
-536, -750
-918, 88
-382, 838
535, 749
917, -89
381, -839
-536, -750
-918, 88
-382, 838
535, 749
917, -89
381, -839
-536, -750
-918, 88
-382, 838
535, 749
917, -89
381, -839
-536, -750
-918, 88
-382, 838
535, 749
917, -89
381, -839
-536, -750
-918, 88
-382, 838
